#include "TGraph.h"

double adGSF_ETable[] = {
0.1,
0.14974874371859298,
0.19949748743718593,
0.2492462311557789,
0.2989949748743719,
0.3487437185929648,
0.39849246231155777,
0.44824120603015083,
0.4979899497487438,
0.5477386934673367,
0.5974874371859297,
0.6472361809045226,
0.6969849246231156,
0.7467336683417085,
0.7964824120603016,
0.8462311557788945,
0.8959798994974875,
0.9457286432160804,
0.9954773869346734,
1.0452261306532664,
1.0949748743718595,
1.1447236180904523,
1.1944723618090454,
1.2442211055276384,
1.2939698492462313,
1.3437185929648243,
1.3934673366834172,
1.4432160804020102,
1.4929648241206033,
1.542713567839196,
1.5924623115577892,
1.642211055276382,
1.691959798994975,
1.7417085427135681,
1.791457286432161,
1.841206030150754,
1.8909547738693468,
1.94070351758794,
1.990452261306533,
2.040201005025126,
2.089949748743719,
2.139698492462312,
2.1894472361809045,
2.2391959798994976,
2.2889447236180906,
2.3386934673366837,
2.3884422110552768,
2.4381909547738694,
2.4879396984924624,
2.5376884422110555,
2.5874371859296486,
2.6371859296482416,
2.6869346733668342,
2.7366834170854273,
2.7864321608040203,
2.8361809045226134,
2.8859296482412065,
2.935678391959799,
2.985427135678392,
3.035175879396985,
3.0849246231155782,
3.1346733668341713,
3.184422110552764,
3.234170854271357,
3.28391959798995,
3.333668341708543,
3.383417085427136,
3.4331658291457288,
3.482914572864322,
3.532663316582915,
3.582412060301508,
3.632160804020101,
3.6819095477386936,
3.7316582914572867,
3.7814070351758797,
3.831155778894473,
3.880904522613066,
3.9306532663316585,
3.9804020100502515,
4.030150753768845,
4.079899497487437,
4.12964824120603,
4.179396984924623,
4.229145728643216,
4.2788944723618085,
4.328643216080402,
4.378391959798995,
4.428140703517588,
4.477889447236181,
4.527638190954773,
4.577386934673367,
4.6271356783919595,
4.676884422110553,
4.726633165829146,
4.776381909547738,
4.826130653266332,
4.875879396984924,
4.925628140703518,
4.9753768844221105,
5.025125628140703,
5.074874371859297,
5.124623115577889,
5.174371859296483,
5.224120603015075,
5.273869346733668,
5.323618090452261,
5.373366834170854,
5.4231155778894475,
5.47286432160804,
5.522613065326633,
5.572361809045226,
5.622110552763819,
5.671859296482412,
5.721608040201005,
5.771356783919598,
5.821105527638191,
5.870854271356784,
5.920603015075377,
5.97035175879397,
6.0201005025125625,
6.069849246231156,
6.119597989949749,
6.169346733668342,
6.219095477386935,
6.268844221105527,
6.318592964824121,
6.368341708542713,
6.418090452261307,
6.4678391959798995,
6.517587939698492,
6.567336683417086,
6.617085427135678,
6.666834170854272,
6.716582914572864,
6.766331658291457,
6.8160804020100505,
6.865829145728643,
6.915577889447237,
6.965326633165829,
7.015075376884422,
7.064824120603015,
7.114572864321608,
7.1643216080402015,
7.214070351758794,
7.263819095477387,
7.31356783919598,
7.363316582914573,
7.413065326633166,
7.462814070351759,
7.5125628140703515,
7.562311557788945,
7.612060301507538,
7.661809045226131,
7.711557788944724,
7.761306532663316,
7.81105527638191,
7.8608040201005025,
7.910552763819096,
7.960301507537689,
8.010050251256281,
8.059798994974875,
8.109547738693468,
8.15929648241206,
8.209045226130653,
8.258793969849247,
8.308542713567839,
8.358291457286432,
8.408040201005026,
8.457788944723617,
8.507537688442211,
8.557286432160804,
8.607035175879398,
8.65678391959799,
8.706532663316583,
8.756281407035177,
8.806030150753768,
8.855778894472362,
8.905527638190955,
8.955276381909547,
9.00502512562814,
9.054773869346734,
9.104522613065328,
9.15427135678392,
9.204020100502513,
9.253768844221106,
9.303517587939698,
9.353266331658292,
9.403015075376885,
9.452763819095477,
9.50251256281407,
9.552261306532664,
9.602010050251257,
9.651758793969849,
9.701507537688443,
9.751256281407036,
9.801005025125628,
9.850753768844221,
9.900502512562815,
9.950251256281406,
10.0
};
const int nGSF_ETable = sizeof(adGSF_ETable)/sizeof(double);

double adGSF_E1[] = {
2.552445419737625e-09,
2.5635147165067847e-09,
2.5746063487627774e-09,
2.5857277491263823e-09,
2.5968863608616517e-09,
2.608089640541454e-09,
2.6193450607206397e-09,
2.6306601126183517e-09,
2.642042308811038e-09,
2.653499185937699e-09,
2.6650383074189515e-09,
2.6766672661914674e-09,
2.6883936874593745e-09,
2.700225231464232e-09,
2.7121695962751813e-09,
2.724234520600918e-09,
2.736427786625126e-09,
2.748757222867056e-09,
2.761230707068935e-09,
2.773856169111927e-09,
2.786641593962378e-09,
2.7995950246501198e-09,
2.8127245652806294e-09,
2.826038384082851e-09,
2.8395447164945523e-09,
2.8532518682870915e-09,
2.867168218731516e-09,
2.8813022238079515e-09,
2.895662419460277e-09,
2.9102574248981073e-09,
2.9250959459481746e-09,
2.9401867784572148e-09,
2.95553881174852e-09,
2.9711610321343834e-09,
2.98706252648667e-09,
3.0032524858678503e-09,
3.0197402092248454e-09,
3.0365351071481086e-09,
3.053646705698419e-09,
3.07108465030394e-09,
3.088858709730126e-09,
3.1069787801251573e-09,
3.1254548891436417e-09,
3.144297200151383e-09,
3.1635160165141065e-09,
3.1831217859730908e-09,
3.2031251051107577e-09,
3.223536723909325e-09,
3.2443675504057462e-09,
3.2656286554462225e-09,
3.2873312775436797e-09,
3.3094868278417026e-09,
3.332106895188502e-09,
3.355203251324614e-09,
3.3787878561881256e-09,
3.402872863341329e-09,
3.4274706255228478e-09,
3.4525937003293605e-09,
3.478254856031206e-09,
3.504467077526261e-09,
3.531243572436634e-09,
3.558597777352838e-09,
3.5865433642302686e-09,
3.615094246942948e-09,
3.6442645879996613e-09,
3.6740688054277767e-09,
3.7045215798301736e-09,
3.7356378616209395e-09,
3.767432878445619e-09,
3.799922142791993e-09,
3.833121459797598e-09,
3.867046935260361e-09,
3.901714983858925e-09,
3.9371423375894915e-09,
3.9733460544261985e-09,
4.0103435272123135e-09,
4.048152492789716e-09,
4.086791041374449e-09,
4.126277626186337e-09,
4.166631073340946e-09,
4.2078705920124525e-09,
4.25001578487627e-09,
4.2930866588405584e-09,
4.337103636076095e-09,
4.382087565354275e-09,
4.428059733703348e-09,
4.4750418783933654e-09,
4.523056199260644e-09,
4.572125371382938e-09,
4.622272558116915e-09,
4.673521424509888e-09,
4.725896151098239e-09,
4.779421448105322e-09,
4.8341225700521665e-09,
4.890025330794693e-09,
4.947156119001687e-09,
5.005541914088263e-09,
5.06521030262005e-09,
5.126189495203909e-09,
5.188508343881528e-09,
5.252196360042809e-09,
5.317283732876623e-09,
5.3838013483770385e-09,
5.451780808923894e-09,
5.5212544534571545e-09,
5.592255378265267e-09,
5.664817458408423e-09,
5.7389753697983774e-09,
5.814764611957302e-09,
5.892221531478915e-09,
5.971383346215996e-09,
6.052288170219261e-09,
6.134975039453501e-09,
6.2194839383177825e-09,
6.30585582699754e-09,
6.394132669677364e-09,
6.484357463644352e-09,
6.576574269312992e-09,
6.670828241203655e-09,
6.767165659907975e-09,
6.865633965075598e-09,
6.966281789458002e-09,
7.0691589940465145e-09,
7.1743167043428615e-09,
7.2818073478021175e-09,
7.391684692489298e-09,
7.504003886992367e-09,
7.618821501636077e-09,
7.736195571042491e-09,
7.856185638086e-09,
7.978852799292058e-09,
8.104259751730937e-09,
8.232470841459535e-09,
8.363552113566193e-09,
8.49757136387554e-09,
8.634598192372397e-09,
8.774704058405879e-09,
8.917962337737178e-09,
9.06444838149658e-09,
9.214239577117813e-09,
9.367415411320141e-09,
9.524057535211097e-09,
9.684249831585564e-09,
9.84807848449913e-09,
1.0015632051196951e-08,
1.0187001536481622e-08,
1.0362280469606898e-08,
1.0541564983786821e-08,
1.0724953898412985e-08,
1.0912548804075795e-08,
1.1104454150488786e-08,
1.1300777337418324e-08,
1.1501628808724549e-08,
1.1707122149622566e-08,
1.1917374187276723e-08,
1.2132505094844171e-08,
1.235263849908756e-08,
1.257790159168059e-08,
1.2808425244333492e-08,
1.304434412786981e-08,
1.3285796835389025e-08,
1.3532926009653968e-08,
1.3785878474845252e-08,
1.4044805372829294e-08,
1.4309862304089597e-08,
1.45812094734754e-08,
1.4859011840924856e-08,
1.51434392773238e-08,
1.5434666725664427e-08,
1.5732874367671617e-08,
1.6038247796067524e-08,
1.6350978192648044e-08,
1.6671262512347408e-08,
1.6999303673469206e-08,
1.7335310754264124e-08,
1.76794991960362e-08,
1.803209101296029e-08,
1.839331500879357e-08,
1.8763407000664e-08,
1.9142610050117182e-08,
1.953117470160143e-08,
1.992935922856773e-08,
2.033742988735735e-08,
2.0755661179044774e-08,
2.1184336119396372e-08,
2.162374651709791e-08,
2.207419326039336e-08,
2.253598661226547e-08,
2.300944651427518e-08,
2.3494902899159595e-08,
2.399269601226923e-08,
2.4503176741903418e-08,
2.5026706958576346e-08,
2.5563659863217577e-08,
2.6114420344276905e-08,
2.6679385343666046e-08,
2.7258964231426204e-08,
2.7853579188961835e-08,
2.8463665600627405e-08,
2.9089672453391116e-08
};
TGraph *grGSF_E1 = new TGraph(nGSF_ETable,adGSF_ETable,adGSF_E1);

double adGSF_M1[] = {
4.848107858009708e-06,
1.6967994141823056e-06,
8.049027766924851e-07,
4.51188216543163e-07,
2.8111569142208605e-07,
1.8841870338390103e-07,
1.332266265025083e-07,
9.813226158844458e-08,
7.465311048180329e-08,
5.829523550428048e-08,
4.651566061318997e-08,
3.7796582564091316e-08,
3.119125689762694e-08,
2.6086839438392783e-08,
2.2073879521409015e-08,
1.8871244727385853e-08,
1.6281254475416588e-08,
1.4161963512748064e-08,
1.2409534635792827e-08,
1.0946735803009474e-08,
9.715259649890844e-09,
8.67048862357989e-09,
7.777860152940134e-09,
7.010299955142999e-09,
6.346381578864905e-09,
5.768988044717455e-09,
5.26432597675692e-09,
4.8211907059179605e-09,
4.430412402046665e-09,
4.084434364550011e-09,
3.776988878579508e-09,
3.5028458517633316e-09,
3.257616272465588e-09,
3.0375973388670096e-09,
2.8396495337093438e-09,
2.6610983859614593e-09,
2.499655454246667e-09,
2.3533543834258794e-09,
2.2204988606915232e-09,
2.099620025559736e-09,
1.989441436090812e-09,
1.888850109155761e-09,
1.7968724698556721e-09,
1.7126542891334087e-09,
1.635443877356272e-09,
1.564577948573924e-09,
1.4994696851972964e-09,
1.439598623421042e-09,
1.3845020514054673e-09,
1.3337676692688015e-09,
1.2870273055346264e-09,
1.2439515212971813e-09,
1.2042449629074596e-09,
1.1676423479158035e-09,
1.1339049884763479e-09,
1.1028177723202254e-09,
1.0741865344413447e-09,
1.0478357633660716e-09,
1.0236065947366112e-09,
1.00135505227788e-09,
9.809505023194874e-10,
9.62274293133093e-10,
9.45218554602128e-10,
9.296851373122286e-10,
9.155846731556894e-10,
9.028357420786219e-10,
8.913641317444558e-10,
8.811021787067463e-10,
8.719881812313128e-10,
8.639658752264361e-10,
8.569839658665739e-10,
8.509957084599398e-10,
8.459585329384118e-10,
8.418337070604769e-10,
8.385860340317614e-10,
8.361835807777804e-10,
8.345974335621349e-10,
8.338014780408814e-10,
8.337722011888942e-10,
8.344885128341241e-10,
8.359315847969994e-10,
8.380847058600936e-10,
8.40933150992141e-10,
8.444640634243218e-10,
8.486663483287763e-10,
8.535305769822922e-10,
8.590489004144766e-10,
8.652149716414647e-10,
8.720238756751098e-10,
8.794720665751196e-10,
8.875573108790133e-10,
8.962786368031713e-10,
9.056362886585446e-10,
9.156316859675369e-10,
9.262673868048872e-10,
9.375470549154985e-10,
9.494754301866318e-10,
9.620583020710092e-10,
9.753024855714188e-10,
9.892157994066538e-10,
1.0038070459831305e-09,
1.0190859927964437e-09,
1.0350633548824774e-09,
1.0517507779284231e-09,
1.0691608216402119e-09,
1.0873069429442266e-09,
1.106203478577709e-09,
1.1258656265937645e-09,
1.1463094262731614e-09,
1.1675517358959856e-09,
1.1896102077814517e-09,
1.2125032599535353e-09,
1.2362500437334138e-09,
1.2608704064967238e-09,
1.2863848487642968e-09,
1.31281447471915e-09,
1.3401809351601405e-09,
1.3685063618139028e-09,
1.3978132918317738e-09,
1.4281245811977982e-09,
1.4594633056683321e-09,
1.4918526477541744e-09,
1.525315768144041e-09,
1.5598756598552586e-09,
1.5955549832863786e-09,
1.632375880239812e-09,
1.6703597648846376e-09,
1.7095270895449684e-09,
1.749897083133507e-09,
1.7914874600101022e-09,
1.8343140970394818e-09,
1.878390676660493e-09,
1.9237282938725225e-09,
1.9703350252059863e-09,
2.0182154579877017e-09,
2.0673701785545925e-09,
2.1177952185284867e-09,
2.1694814588597718e-09,
2.222413992098196e-09,
2.2765714442755724e-09,
2.331925258906843e-09,
2.3884389469508735e-09,
2.446067308134927e-09,
2.504755630846135e-09,
2.564438879831724e-09,
2.625040883218665e-09,
2.6864735328419096e-09,
2.7486360145208472e-09,
2.811414087688948e-09,
2.8746794365821743e-09,
2.9382891179221943e-09,
3.0020851325584485e-09,
3.0658941506985244e-09,
3.129527421972646e-09,
3.192780902437128e-09,
3.2554356304995214e-09,
3.317258382417344e-09,
3.378002635264642e-09,
3.4374098608868545e-09,
3.4952111682345898e-09,
3.5511293035140557e-09,
3.6048810078458573e-09,
3.656179720732813e-09,
3.704738604884691e-09,
3.750273854260438e-09,
3.792508233135532e-09,
3.831174780277546e-09,
3.866020599705778e-09,
3.896810648857497e-09,
3.923331427109538e-09,
3.945394463255404e-09,
3.962839500309706e-09,
3.975537280280608e-09,
3.983391840422731e-09,
3.9863422457579e-09,
3.984363699817627e-09,
3.977467995817308e-09,
3.9657032927783264e-09,
3.949153224268574e-09,
3.927935370165512e-09,
3.90219914292275e-09,
3.872123158137256e-09,
3.837912173880055e-09,
3.799793693654719e-09,
3.7580143336789656e-09,
3.712836056450107e-09,
3.6645323695451954e-09,
3.6133845818495505e-09,
3.5596781996056124e-09,
3.503699532634126e-09,
3.445732567641768e-09,
3.3860561515042054e-09,
3.3249415135318898e-09,
3.2626501426013655e-09,
3.1994320231435786e-09,
3.1355242236541995e-09,
3.0711498228217026e-09,
3.0065171516245906e-09,
2.94181932479278e-09,
2.877234031742169e-09
};
TGraph *grGSF_M1 = new TGraph(nGSF_ETable,adGSF_ETable,adGSF_M1);

double adGSF_E2[] = {
7.846740316398095e-10,
5.240575932960289e-10,
3.9344025298144504e-10,
3.1497982002140444e-10,
2.626416820431598e-10,
2.2524671382842175e-10,
1.9719830614356337e-10,
1.7538444487874465e-10,
1.579366670710538e-10,
1.4366532896706057e-10,
1.3177700257279734e-10,
1.217222032984807e-10,
1.1310833013369646e-10,
1.0564740631832246e-10,
9.912340489812107e-11,
9.337109958954566e-11,
8.826196140284779e-11,
8.369450659707966e-11,
7.958753878728751e-11,
7.587532095030968e-11,
7.250406355234415e-11,
6.942932841532897e-11,
6.661408134401687e-11,
6.402721193412056e-11,
6.164239483086032e-11,
5.943720394684559e-11,
5.7392416422267935e-11,
5.549146054348843e-11,
5.3719974041038906e-11,
5.206544785077653e-11,
5.051693664903137e-11,
4.9064822001906336e-11,
4.770061729962582e-11,
4.641680612133993e-11,
4.5206707531846784e-11,
4.4064363216400684e-11,
4.298444243187584e-11,
4.196216157731154e-11,
4.0993215826098357e-11,
4.0073720761014176e-11,
3.920016234537435e-11,
3.836935387357947e-11,
3.7578398790962e-11,
3.6824658470141306e-11,
3.6105724189807014e-11,
3.54193926901781e-11,
3.4763644783655003e-11,
3.4136626584304883e-11,
3.353663298962427e-11,
3.296209310551027e-11,
3.2411557352912493e-11,
3.1883686034105806e-11,
3.137723916941607e-11,
3.0891067442741655e-11,
3.042410411730329e-11,
2.997535780249993e-11,
2.954390596917588e-11,
2.9128889124527646e-11,
2.872950556971282e-11,
2.834500667331278e-11,
2.7974692602424572e-11,
2.7617908460550686e-11,
2.7274040787808576e-11,
2.694251438445484e-11,
2.662278942344729e-11,
2.631435882185978e-11,
2.601674584451608e-11,
2.572950191629672e-11,
2.5452204622263676e-11,
2.5184455877097525e-11,
2.492588024739791e-11,
2.467612341220098e-11,
2.44348507486508e-11,
2.4201746031155216e-11,
2.3976510233585422e-11,
2.375886042516327e-11,
2.3548528751640087e-11,
2.3345261494221417e-11,
2.3148818199446854e-11,
2.295897087390512e-11,
2.2775503238261756e-11,
2.259821003560978e-11,
2.2426896389628563e-11,
2.2261377208462248e-11,
2.2101476630608836e-11,
2.1947027509453236e-11,
2.1797870933383514e-11,
2.165385577870533e-11,
2.151483829281733e-11,
2.138068170533395e-11,
2.1251255865043366e-11,
2.1126436900770745e-11,
2.1006106904381403e-11,
2.0890153634307723e-11,
2.0778470238118713e-11,
2.067095499277369e-11,
2.0567511061313158e-11,
2.0468046264840673e-11,
2.0372472868742346e-11,
2.0280707382173875e-11,
2.0192670369922127e-11,
2.01082862758177e-11,
2.0027483256939025e-11,
1.9950193027906968e-11,
1.9876350714621865e-11,
1.980589471684462e-11,
1.9738766579067542e-11,
1.967491086916242e-11,
1.9614275064330738e-11,
1.9556809443915947e-11,
1.9502466988669325e-11,
1.945120328609081e-11,
1.9402976441492848e-11,
1.9357746994460656e-11,
1.931547784040487e-11,
1.927613415692439e-11,
1.9239683334716206e-11,
1.92060949127876e-11,
1.9175340517742724e-11,
1.9147393806930957e-11,
1.912223041525873e-11,
1.9099827905480173e-11,
1.9080165721793578e-11,
1.9063225146582522e-11,
1.9048989260150832e-11,
1.903744290331012e-11,
1.9028572642687975e-11,
1.9022366738632804e-11,
1.9018815115599263e-11,
1.9017909334905155e-11,
1.9019642569757246e-11,
1.902400958244938e-11,
1.9031006703641767e-11,
1.9040631813635432e-11,
1.9052884325560203e-11,
1.906776517039886e-11,
1.9085276783773837e-11,
1.910542309442593e-11,
1.9128209514317763e-11,
1.915364293029689e-11,
1.9181731697255964e-11,
1.921248563272885e-11,
1.9245916012863214e-11,
1.9282035569711088e-11,
1.9320858489779442e-11,
1.9362400413783396e-11,
1.9406678437544157e-11,
1.9453711113973647e-11,
1.950351845608658e-11,
1.955612194097958e-11,
1.9611544514714833e-11,
1.966981059804378e-11,
1.9730946092903268e-11,
1.9794978389613524e-11,
1.9861936374702994e-11,
1.9931850439281093e-11,
2.0004752487874358e-11,
2.0080675947635815e-11,
2.015965577783087e-11,
2.0241728479495626e-11,
2.0326932105155224e-11,
2.0415306268481013e-11,
2.05068921537549e-11,
2.06017325249985e-11,
2.0699871734612097e-11,
2.080135573135543e-11,
2.0906232067486995e-11,
2.1014549904863e-11,
2.112636001977896e-11,
2.12417148063179e-11,
2.1360668277948055e-11,
2.1483276067089974e-11,
2.160959542234808e-11,
2.1739685203074604e-11,
2.187360587090448e-11,
2.2011419477867754e-11,
2.2153189650651806e-11,
2.2298981570547876e-11,
2.2448861948576446e-11,
2.2602898995242123e-11,
2.276116238432171e-11,
2.2923723210038506e-11,
2.3090653936921356e-11,
2.3262028341588535e-11,
2.343792144563338e-11,
2.3618409438721935e-11,
2.3803569590940295e-11,
2.399348015335296e-11,
2.4188220245651542e-11,
2.4387869729686327e-11,
2.459250906758073e-11,
2.4802219163031417e-11,
2.5017081184293646e-11,
2.5237176367243305e-11,
2.5462585796793572e-11,
2.569339016482575e-11,
2.5929669502670993e-11,
2.6171502886051774e-11,
2.6418968110262222e-11,
2.66721413332322e-11
};
TGraph *grGSF_E2 = new TGraph(nGSF_ETable,adGSF_ETable,adGSF_E2);

