#include "TGraph.h"

double adETable[] = {
0.0,
0.04708040201005025,
0.0941608040201005,
0.14124120603015075,
0.188321608040201,
0.23540201005025127,
0.2824824120603015,
0.32956281407035176,
0.376643216080402,
0.4237236180904523,
0.47080402010050254,
0.5178844221105527,
0.564964824120603,
0.6120452261306533,
0.6591256281407035,
0.7062060301507538,
0.753286432160804,
0.8003668341708543,
0.8474472361809046,
0.8945276381909548,
0.9416080402010051,
0.9886884422110553,
1.0357688442211055,
1.0828492462311559,
1.129929648241206,
1.1770100502512564,
1.2240904522613065,
1.271170854271357,
1.318251256281407,
1.3653316582914574,
1.4124120603015076,
1.459492462311558,
1.506572864321608,
1.5536532663316582,
1.6007336683417086,
1.6478140703517588,
1.6948944723618091,
1.7419748743718593,
1.7890552763819096,
1.8361356783919598,
1.8832160804020102,
1.9302964824120603,
1.9773768844221107,
2.024457286432161,
2.071537688442211,
2.1186180904522613,
2.1656984924623117,
2.212778894472362,
2.259859296482412,
2.3069396984924624,
2.3540201005025128,
2.4011005025125627,
2.448180904522613,
2.4952613065326634,
2.542341708542714,
2.5894221105527637,
2.636502512562814,
2.6835829145728645,
2.730663316582915,
2.7777437185929648,
2.824824120603015,
2.8719045226130655,
2.918984924623116,
2.966065326633166,
3.013145728643216,
3.0602261306532665,
3.1073065326633165,
3.154386934673367,
3.201467336683417,
3.2485477386934676,
3.2956281407035175,
3.342708542713568,
3.3897889447236182,
3.4368693467336686,
3.4839497487437185,
3.531030150753769,
3.5781105527638193,
3.6251909547738697,
3.6722713567839196,
3.71935175879397,
3.7664321608040203,
3.8135125628140703,
3.8605929648241206,
3.907673366834171,
3.9547537688442214,
4.001834170854272,
4.048914572864322,
4.095994974874372,
4.143075376884422,
4.190155778894472,
4.237236180904523,
4.284316582914573,
4.331396984924623,
4.378477386934674,
4.425557788944724,
4.472638190954774,
4.519718592964824,
4.566798994974874,
4.613879396984925,
4.660959798994975,
4.7080402010050255,
4.755120603015076,
4.802201005025125,
4.849281407035176,
4.896361809045226,
4.9434422110552765,
4.990522613065327,
5.037603015075377,
5.084683417085428,
5.131763819095478,
5.1788442211055274,
5.225924623115578,
5.273005025125628,
5.320085427135679,
5.367165829145729,
5.414246231155779,
5.46132663316583,
5.508407035175879,
5.5554874371859295,
5.60256783919598,
5.64964824120603,
5.696728643216081,
5.743809045226131,
5.790889447236181,
5.837969849246232,
5.885050251256281,
5.932130653266332,
5.979211055276382,
6.026291457286432,
6.073371859296483,
6.120452261306533,
6.1675326633165835,
6.214613065326633,
6.261693467336683,
6.308773869346734,
6.355854271356784,
6.402934673366834,
6.450015075376885,
6.497095477386935,
6.5441758793969855,
6.591256281407035,
6.638336683417085,
6.685417085427136,
6.732497487437186,
6.7795778894472365,
6.826658291457287,
6.873738693467337,
6.920819095477387,
6.967899497487437,
7.0149798994974875,
7.062060301507538,
7.109140703517588,
7.156221105527639,
7.203301507537689,
7.250381909547739,
7.297462311557789,
7.344542713567839,
7.3916231155778895,
7.43870351758794,
7.48578391959799,
7.532864321608041,
7.579944723618091,
7.6270251256281405,
7.674105527638191,
7.721185929648241,
7.768266331658292,
7.815346733668342,
7.862427135678392,
7.909507537688443,
7.956587939698493,
8.003668341708543,
8.050748743718593,
8.097829145728644,
8.144909547738694,
8.191989949748743,
8.239070351758794,
8.286150753768844,
8.333231155778895,
8.380311557788945,
8.427391959798996,
8.474472361809045,
8.521552763819095,
8.568633165829146,
8.615713567839196,
8.662793969849247,
8.709874371859296,
8.756954773869348,
8.804035175879397,
8.851115577889448,
8.898195979899498,
8.945276381909547,
8.992356783919599,
9.039437185929648,
9.0865175879397,
9.133597989949749,
9.1806783919598,
9.22775879396985,
9.274839195979899,
9.32191959798995,
9.369
};
const int nETable = sizeof(adETable)/sizeof(double);

double adRho[] = {4.016035834547791,
4.260220398646981,
4.519251967056085,
4.794033273073553,
5.085521938336989,
5.3947338101651985,
5.722746501818552,
6.070703148015676,
6.439816388794488,
6.831372595601507,
7.2467363543374725,
7.687355220982843,
8.154764766376672,
8.650593927730089,
9.176570685524563,
9.734528085579118,
10.326410627273644,
10.954281040191404,
11.620327472797586,
12.326871118206668,
13.07637430361465,
13.87144907158806,
14.714866283115809,
15.609565274148366,
16.558664099277475,
17.565470398256195,
18.633492923229102,
19.76645376684576,
20.96830133387263,
22.24322410150991,
23.595665216368467,
25.03033797897795,
26.552242269789698,
28.166681973920166,
29.87928346535996,
31.696015215067188,
33.62320859127967,
35.66757992453551,
37.83625391429995,
40.13678845877068,
42.577200994394836,
45.16599643689131,
47.912196821154,
50.82537274333184,
53.91567671466249,
57.193878543298574,
60.67140286743348,
64.3603689705307,
68.27363301741424,
72.42483285841428,
76.82843555771139,
81.49978781151788,
86.45516943180478,
91.71185008196733,
97.2881494621538,
103.20350115400628,
109.47852034731456,
116.13507568461111,
123.1963654740899,
130.686998536452,
138.6330799674331,
147.06230211489623,
156.0040410875498,
165.48945913162567,
175.55161323230413,
186.22557031836334,
197.54852947154853,
209.55995156656002,
222.30169679346477,
235.81817054179595,
250.15647815475575,
265.36658909284347,
281.50151107902144,
298.6174748323265,
316.77413003372186,
336.03475320714386,
356.46646824021076,
378.1404803131171,
401.13232405096346,
425.52212676434203,
451.39488769557283,
478.84077424378324,
507.95543620117655,
538.8403390956156,
571.603117801234,
606.3579516494108,
643.2259623473932,
682.3356360913187,
723.8232713447179,
767.8334538430177,
814.5195604794502,
864.0442938284328,
916.580249169241,
972.3105159860758,
1031.4293160407692,
1094.1426802418375,
1160.6691666687836,
1231.2406222539898,
1306.102990776695,
1385.5171699849245,
1469.7599208324918,
1559.1248319997633,
1653.9233430596,
1754.4858298542308,
1861.1627558656246,
1974.3258935919264,
2094.3696201865055,
2221.712291874945,
2356.7977019398636,
2500.096627354696,
2652.1084694564943,
2813.3629943755736,
2984.4221792873905,
3165.8821709209815,
3358.375363149375,
3562.572600902466,
3779.1855180830353,
4008.9690176336458,
4252.723902397581,
4511.299665942302,
4785.59745307173,
5076.573200344686,
5385.240967544363,
5712.676471709127,
6060.020836040743,
6428.484566755248,
6819.351771735816,
7233.98463568978,
7673.828167405937,
8140.415235656313,
8635.37191129289,
9160.42313415651,
9717.398724547364,
10308.239760207294,
10935.005341037722,
11599.87976512868,
12305.180141107498,
13053.364463336455,
13847.040178101728,
14688.973270647071,
15582.097904720804,
16529.526648230403,
17534.561320641034,
18600.704499922045,
19731.671729143178,
20931.404465260974,
22204.08381522228,
23554.145107255612,
24986.29334813203,
26505.519620263916,
28117.118475786938,
29826.7063882435,
31640.24132617257,
33564.043516820806,
35604.817472336006,
37769.67535520703,
40066.16176437721,
42502.280028412424,
45086.52009735806,
47827.888130485204,
50735.93788304484,
53820.80400140952,
57093.23734264028,
60564.64244156764,
64247.117255959514,
68153.49532829126,
72297.39051105148,
76693.2444114532,
81356.3767208967,
86303.0386045846,
91550.46933735053,
97116.95638308537,
103021.89912713188,
109285.87648376352,
115930.71861435936,
122979.58300621324,
130457.0351771184,
138389.13428698212,
146803.52395483103,
155729.52859770868,
165198.25562720353,
175242.703859777,
185897.87851869073,
197200.9132283301,
209191.19942607405,
221910.52364270986,
235403.21312983474,
249716.2903417387,
264899.6368101678,
281006.1669830506,
298092.01263304707,
316216.7184785688,
335443.44969902304,
355839.21206749056,
377475.085467978,
400426.47161109524,
424773.3568114217,
450600.5907423715,
477998.18214002304,
507061.61248643225
};
TGraph *grRho = new TGraph(nETable,adETable,adRho);

double adLDa[] = {
0.0,
0.0,
0.0,
0.0,
0.0,
0.0,
0.0,
0.0,
0.0,
0.0,
0.0,
0.0,
0.0,
0.0,
0.0,
0.0,
0.0,
0.0,
0.0,
0.0,
0.0,
0.0,
0.0,
0.0,
0.0,
0.0,
0.0,
0.0,
0.0,
0.0,
0.0,
0.0,
0.0,
0.0,
0.0,
0.0,
0.0,
0.0,
0.0,
0.0,
0.0,
0.0,
0.0,
0.0,
0.0,
0.0,
0.0,
0.0,
0.0,
0.0,
0.0,
0.0,
0.0,
0.0,
0.0,
0.0,
0.0,
0.0,
0.0,
0.0,
0.0,
0.0,
0.0,
0.0,
0.0,
0.0,
0.0,
0.0,
0.0,
0.0,
0.0,
0.0,
0.0,
0.0,
0.0,
0.0,
0.0,
0.0,
0.0,
0.0,
0.0,
0.0,
0.0,
0.0,
0.0,
0.0,
0.0,
0.0,
0.0,
0.0,
0.0,
0.0,
0.0,
0.0,
0.0,
0.0,
0.0,
0.0,
0.0,
0.0,
0.0,
0.0,
0.0,
0.0,
0.0,
0.0,
0.0,
0.0,
0.0,
0.0,
0.0,
0.0,
0.0,
0.0,
0.0,
0.0,
0.0,
0.0,
0.0,
0.0,
0.0,
0.0,
0.0,
0.0,
0.0,
0.0,
0.0,
0.0,
0.0,
0.0,
0.0,
0.0,
0.0,
0.0,
0.0,
0.0,
0.0,
0.0,
0.0,
0.0,
0.0,
0.0,
0.0,
0.0,
0.0,
0.0,
0.0,
0.0,
0.0,
0.0,
0.0,
0.0,
0.0,
0.0,
0.0,
0.0,
0.0,
0.0,
0.0,
0.0,
0.0,
0.0,
0.0,
0.0,
0.0,
0.0,
0.0,
0.0,
0.0,
0.0,
0.0,
0.0,
0.0,
0.0,
0.0,
0.0,
0.0,
0.0,
0.0,
0.0,
0.0,
0.0,
0.0,
0.0,
0.0,
0.0,
0.0,
0.0,
0.0,
0.0,
0.0,
0.0,
0.0,
0.0,
0.0,
0.0,
0.0,
0.0,
0.0,
0.0
};
TGraph *grLDa = new TGraph(nETable,adETable,adLDa);

double adJCut[] = {
2.8141857547652713,
2.863120202862959,
2.9093652844349474,
2.953247715874061,
2.9950354731107236,
3.0349513643476485,
3.0731828508944092,
3.109889304792384,
3.145207472306879,
3.179255654548635,
3.212136953311028,
3.2439418241901126,
3.2747501085470287,
3.3046326679920583,
3.3336527119376522,
3.3618668854470415,
3.38932616793356,
3.4160766211773237,
3.4421600162457673,
3.467614362302326,
3.492474355324334,
3.516771760981417,
3.5405357430348974,
3.5637931463821197,
3.5865687421246846,
3.6088854406675757,
3.6307644777694215,
3.652225577597462,
3.673287096145036,
3.6939661478075037,
3.7142787174560246,
3.734239759975778,
3.7538632889290247,
3.773162455750823,
3.7921496206757563,
3.8108364164196407,
3.829233805494325,
3.847352131911207,
3.865201167925868,
3.882790156388843,
3.900127849193388,
3.917222542247889,
3.9340821073465384,
3.950714021265565,
3.9671253923724747,
3.983322985001359,
3.999313241817635,
4.015102304369748,
4.030696032002985,
4.0461000192909795,
4.061319612123393,
4.076359922573338,
4.091225842654928,
4.105922057069812,
4.120453055031369,
4.134823141246208,
4.149036446124697,
4.1630969352851395,
4.17700841840998,
4.190774557506804,
4.204398874621931,
4.217884759049957,
4.231235474078619,
4.244454163304766,
4.257543856554095,
4.27050747543432,
4.283347838548978,
4.296067666396654,
4.308669585978348,
4.321156135133779,
4.333529766625729,
4.34579285198994,
4.357947685166681,
4.369996485928811,
4.381941403119989,
4.3937845177156385,
4.405527845718263,
4.417173340897886,
4.428722897387511,
4.440178352142805,
4.4515414872745245,
4.462814032261564,
4.473997666051956,
4.485094019058626,
4.496104675056222,
4.507031172984893,
4.517875008666499,
4.528637636438351,
4.539320470709224,
4.54992488744209,
4.56045222556771,
4.570903788332945,
4.581280844587416,
4.591584630011881,
4.601816348291516,
4.611977172237046,
4.622068244856527,
4.632090680380366,
4.6420455652420545,
4.651933959016888,
4.661756895320844,
4.671515382671654,
4.681210405313967,
4.690842924010414,
4.700413876800255,
4.709924179727216,
4.719374727538012,
4.728766394352974,
4.738100034310118,
4.747376482183931,
4.756596553980048,
4.765761047506957,
4.774870742925814,
4.78392640327934,
4.792928775000796,
4.801878588403906,
4.810776558154608,
4.819623383725423,
4.828419749833238,
4.837166326861203,
4.845863771265446,
4.854512725967279,
4.863113820731487,
4.871667672531321,
4.880174885900739,
4.888636053274441,
4.8970517553162,
4.905422561235981,
4.913749029096302,
4.922031706108276,
4.93027112891776,
4.938467823881995,
4.946622307337136,
4.954735085857009,
4.962806656503468,
4.970837507068654,
4.978828116309493,
4.986778954174716,
4.994690482024701,
5.002563152844394,
5.0103974114495955,
5.018193694686831,
5.025952431627074,
5.033674043753528,
5.041358945143703,
5.049007542645978,
5.056620236050872,
5.064197418257188,
5.071739475433243,
5.079246787173337,
5.0867197266496404,
5.0941586607596605,
5.101563950269436,
5.108935949952623,
5.1162750087255935,
5.123581469778702,
5.130855670703848,
5.138097943618444,
5.145308615285936,
5.152488007232975,
5.159636435863355,
5.166754212568827,
5.173841643836894,
5.180899031355681,
5.187926672115972,
5.19492485851053,
5.201893878430743,
5.20883401536074,
5.215745548468994,
5.222628752697549,
5.229483898848913,
5.236311253670687,
5.2431110799380365,
5.249883636534024,
5.256629178527909,
5.26334795725145,
5.270040220373292,
5.2767062119714785,
5.283346172604158,
5.289960339378537,
5.296548946018114,
5.303112222928288,
5.309650397260335,
5.316163692973849,
5.32265233089766,
5.329116528789288,
5.335556501392979,
5.341972460496348,
5.348364614985686,
5.354733170899957,
5.361078331483535,
5.367400297237696,
5.3736992659709255,
5.37997543284806,
5.386228990438281,
5.392460128762041,
5.398669035336886,
5.404855895222263,
5.4110208910632975,
5.4171642031336065
};
TGraph *grJCut = new TGraph(nETable,adETable,adJCut);

