1.6 1.39588 2.12428e-08
1.6 0.779372  7.62792e-09
1.6 0.508 5.50908e-08
1.6 0.28177 0
1.6 0.224 3.21289e-07

1.8 1.59588 6.75783e-09
1.8 0.979372  3.01603e-09
1.8 0.708 1.72767e-08
1.8 0.48177 2.03085e-09
1.8 0.424 1.41867e-08
1.8 0.17974 1.41533e-07

2 1.79588 1.96825e-09
2 1.17937 2.55134e-09
2 0.908 7.29667e-09
2 0.68177 1.13054e-08
2 0.624 5.48389e-09
2 0.37974 7.78432e-08

2.2 1.99588 8.70975e-10
2.2 1.37937 1.51724e-09
2.2 1.108 3.73936e-09
2.2 0.88177 8.30938e-09
2.2 0.824 6.97447e-09
2.2 0.57974 4.98971e-08

2.4 2.19588 1.41335e-09
2.4 1.57937 1.85776e-09
2.4 1.308 3.62581e-09
2.4 1.08177 5.42128e-09
2.4 1.024 1.0453e-08
2.4 0.77974 3.0383e-08

2.6 2.39588 1.8485e-09
2.6 1.77937 4.52644e-09
2.6 1.508 4.83776e-09
2.6 1.28177 9.01057e-09
2.6 1.224 8.34666e-09
2.6 0.97974 1.42965e-08

2.8 2.59588 4.63771e-09
2.8 1.97937 2.59654e-09
2.8 1.708 6.55762e-09
2.8 1.48177 3.38173e-09
2.8 1.424 7.53419e-09
2.8 1.17974 1.19602e-08

3 2.79588 2.15254e-09
3 2.17937 3.84367e-09
3 1.908 6.50545e-09
3 1.68177 2.43397e-09
3 1.624 7.3931e-09
3 1.37974 1.04603e-08

3.2 2.99588 2.31836e-09
3.2 2.37937 2.92867e-09
3.2 2.108 4.37234e-09
3.2 1.88177 2.3682e-09
3.2 1.824 7.56305e-09
3.2 1.57974 1.07708e-08

3.4 3.19588 3.09349e-09
3.4 2.57937 3.93155e-09
3.4 2.308 4.29601e-09
3.4 2.08177 2.32913e-09
3.4 2.024 5.68508e-09
3.4 1.77974 9.42966e-09

3.6 3.39588 3.80285e-09
3.6 2.77937 3.73373e-09
3.6 2.508 3.52947e-09
3.6 2.28177 3.30335e-09
3.6 2.224 8.29371e-09
3.6 1.97974 5.16569e-09

3.8 3.59588 4.45315e-09
3.8 2.97937 3.3356e-09
3.8 2.708 5.94341e-09
3.8 2.48177 3.78111e-09
3.8 2.424 5.18278e-09
3.8 2.17974 4.6408e-09

4 3.79588 5.67502e-09
4 3.17937 3.35694e-09
4 2.908 4.59703e-09
4 2.68177 4.03922e-09
4 2.624 4.8424e-09
4 2.37974 4.66825e-09

4.2 3.99588 5.90463e-09
4.2 3.37937 3.60675e-09
4.2 3.108 3.5044e-09
4.2 2.88177 4.06385e-09
4.2 2.824 5.9719e-09
4.2 2.57974 4.23284e-09

4.4 4.19588 5.91377e-09
4.4 3.57937 3.34284e-09
4.4 3.308 4.61159e-09
4.4 3.08177 4.113e-09
4.4 3.024 4.43827e-09
4.4 2.77974 5.18865e-09

4.6 4.39588 6.27304e-09
4.6 3.77937 4.24368e-09
4.6 3.508 4.76874e-09
4.6 3.28177 4.08425e-09
4.6 3.224 4.10174e-09
4.6 2.97974 4.64975e-09

4.8 4.59588 4.95418e-09
4.8 3.97937 5.29391e-09
4.8 3.708 3.92302e-09
4.8 3.48177 4.847e-09
4.8 3.424 4.46895e-09
4.8 3.17974 5.31878e-09

5 4.79588 5.15299e-09
5 4.17937 5.32889e-09
5 3.908 4.73731e-09
5 3.68177 5.27462e-09
5 3.624 4.48618e-09
5 3.37974 4.67217e-09

5.2 4.99588 5.59625e-09
5.2 4.37937 5.65305e-09
5.2 4.108 5.11416e-09
5.2 3.88177 5.61165e-09
5.2 3.824 4.25676e-09
5.2 3.57974 4.42425e-09

5.4 5.19588 5.6594e-09
5.4 4.57937 6.38248e-09
5.4 4.308 4.73021e-09
5.4 4.08177 5.46523e-09
5.4 4.024 4.32804e-09
5.4 3.77974 5.2527e-09

5.6 5.39588 6.09859e-09
5.6 4.77937 6.31733e-09
5.6 4.508 5.00381e-09
5.6 4.28177 5.2872e-09
5.6 4.224 4.93174e-09
5.6 3.97974 5.50357e-09

5.8 5.59588 7.5592e-09
5.8 4.97937 5.83982e-09
5.8 4.708 6.45373e-09
5.8 4.48177 4.12863e-09
5.8 4.424 5.06708e-09
5.8 4.17974 5.58738e-09

6 5.79588 7.80433e-09
6 5.17937 5.50666e-09
6 4.908 6.19935e-09
6 4.68177 5.64405e-09
6 4.624 5.74976e-09
6 4.37974 5.40461e-09

6.2 5.99588 8.22385e-09
6.2 5.37937 6.62782e-09
6.2 5.108 5.84115e-09
6.2 4.88177 6.44957e-09
6.2 4.824 5.51436e-09
6.2 4.57974 5.51695e-09

6.4 6.19588 8.15808e-09
6.4 5.57937 6.58964e-09
6.4 5.308 7.26441e-09
6.4 5.08177 6.06494e-09
6.4 5.024 6.68891e-09
6.4 4.77974 5.47994e-09

6.6 6.39588 8.6726e-09
6.6 5.77937 6.92823e-09
6.6 5.508 6.5647e-09
6.6 5.28177 6.93497e-09
6.6 5.224 7.11489e-09
6.6 4.97974 6.32787e-09

6.8 6.59588 1.00615e-08
6.8 5.97937 8.12136e-09
6.8 5.708 7.27251e-09
6.8 5.48177 6.46364e-09
6.8 5.424 7.09316e-09
6.8 5.17974 6.07401e-09

7 6.79588 1.10639e-08
7 6.17937 7.85897e-09
7 5.908 8.47695e-09
7 5.68177 6.9546e-09
7 5.624 7.17112e-09
7 5.37974 6.37228e-09
